37	12	19	33	29	mega: 22	
3	29	19	14	11	mega: 1	
11	12	38	3	7	mega: 25	
3	19	3	43	42	mega: 27	
39	28	28	15	41	mega: 2	
33	2	14	4	15	mega: 2	
4	47	11	37	7	mega: 6	
14	3	12	17	2	mega: 17	
41	12	17	17	7	mega: 2	
47	43	29	37	12	mega: 18	
15	24	17	15	22	mega: 23	
6	2	43	38	14	mega: 23	
28	7	38	37	7	mega: 19	
22	29	3	33	24	mega: 22	
22	24	4	43	22	mega: 24	
29	28	17	41	2	mega: 11	
38	22	28	10	25	mega: 7	
38	28	7	7	22	mega: 18	
12	15	47	24	10	mega: 22	
33	33	25	4	25	mega: 24	
2	28	28	42	42	mega: 18	
28	39	19	17	19	mega: 18	
29	43	29	2	42	mega: 26	
14	10	6	15	37	mega: 6	
14	2	4	2	2	mega: 4	
6	2	24	2	43	mega: 8	
43	42	28	41	19	mega: 23	
15	22	43	47	14	mega: 9	
19	14	47	25	14	mega: 2	
15	14	10	15	39	mega: 17	
38	22	41	47	6	mega: 25	
