15	26	14	3	26	mega: 3	
30	6	37	21	31	mega: 24	
43	25	37	26	18	mega: 27	
28	6	31	43	22	mega: 17	
29	29	31	47	1	mega: 18	
47	9	28	18	20	mega: 27	
44	19	28	29	19	mega: 26	
17	21	14	10	18	mega: 25	
14	21	44	21	25	mega: 24	
22	26	19	10	10	mega: 27	
6	34	1	18	6	mega: 14	
22	11	9	28	17	mega: 1	
20	37	25	31	34	mega: 17	
26	29	47	22	18	mega: 23	
22	20	46	18	3	mega: 2	
46	26	37	31	47	mega: 3	
29	19	35	40	43	mega: 7	
1	10	43	47	26	mega: 18	
34	11	20	18	18	mega: 23	
27	10	21	26	26	mega: 3	
28	20	26	46	29	mega: 2	
46	40	35	31	11	mega: 7	
9	47	40	20	18	mega: 2	
1	46	3	10	28	mega: 7	
25	27	26	44	43	mega: 7	
37	40	1	47	40	mega: 19	
1	29	6	3	14	mega: 14	
44	20	22	21	25	mega: 21	
11	25	30	9	27	mega: 7	
25	27	29	11	20	mega: 26	
10	20	19	25	14	mega: 27	
18	19	35	26	31	mega: 21	
25	28	30	27	28	mega: 24	
30	35	25	27	46	mega: 17	
26	22	34	46	3	mega: 17	
18	28	25	6	18	mega: 21	
14	26	19	17	15	mega: 7	
44	28	34	15	21	mega: 3	
43	17	14	44	18	mega: 18	
35	15	37	29	9	mega: 1	
19	14	34	10	26	mega: 14	
43	27	14	31	25	mega: 14	
1	25	34	19	26	mega: 25	
37	44	29	34	28	mega: 26	
43	35	43	35	21	mega: 24	
31	17	37	3	27	mega: 18	
18	15	27	21	11	mega: 27	
19	21	47	3	3	mega: 2	
34	3	9	47	44	mega: 26	
31	47	28	6	43	mega: 23	
20	10	22	25	17	mega: 27	
30	43	37	21	11	mega: 24	
6	31	35	19	21	mega: 27	
17	20	43	31	3	mega: 2	
19	17	37	29	21	mega: 18	
14	11	3	22	27	mega: 7	
47	15	22	26	47	mega: 23	
31	25	14	1	25	mega: 19	
40	40	11	25	46	mega: 23	
18	28	19	40	44	mega: 19	
44	47	31	47	6	mega: 1	
1	31	22	29	30	mega: 1	
26	11	18	47	22	mega: 3	
31	27	21	35	21	mega: 21	
1	11	46	22	25	mega: 27	
9	9	44	6	9	mega: 18	
44	43	28	1	25	mega: 14	
28	15	34	18	14	mega: 26	
9	6	21	26	17	mega: 14	
21	44	31	47	11	mega: 27	
11	46	6	27	1	mega: 24	
18	25	35	21	46	mega: 26	
9	11	37	11	3	mega: 26	
26	18	27	40	9	mega: 24	
21	28	9	43	10	mega: 7	
9	25	35	26	27	mega: 7	
14	47	3	14	22	mega: 26	
29	34	40	26	22	mega: 24	
21	46	31	9	37	mega: 27	
22	47	47	20	17	mega: 7	
35	14	37	34	6	mega: 24	
31	20	6	17	25	mega: 27	
3	47	22	47	26	mega: 26	
20	6	40	27	19	mega: 3	
19	43	19	47	25	mega: 26	
25	37	17	44	18	mega: 3	
1	14	30	34	10	mega: 18	
30	28	21	1	29	mega: 3	
44	1	20	37	37	mega: 7	
44	25	27	9	11	mega: 3	
25	9	40	10	34	mega: 26	
31	37	1	17	43	mega: 25	
3	9	25	46	14	mega: 26	
6	14	11	47	20	mega: 18	
17	34	15	26	46	mega: 27	
27	11	20	47	37	mega: 7	
21	9	35	9	1	mega: 27	
25	15	11	46	11	mega: 14	
44	26	17	27	31	mega: 14	
47	18	26	29	30	mega: 27	
47	17	20	47	20	mega: 7	
19	18	44	28	28	mega: 23	
29	22	15	28	46	mega: 26	
35	37	10	9	10	mega: 3	
30	26	1	47	15	mega: 24	
34	14	35	27	29	mega: 21	
34	1	19	43	46	mega: 17	
25	37	17	25	43	mega: 27	
6	26	9	10	3	mega: 19	
11	29	14	40	19	mega: 14	
30	10	26	14	43	mega: 14	
6	19	20	43	9	mega: 21	
40	11	18	35	46	mega: 1	
14	10	29	46	30	mega: 1	
10	14	37	20	31	mega: 19	
43	31	11	19	34	mega: 18	
15	26	47	25	27	mega: 23	
37	3	21	44	31	mega: 2	
43	14	14	25	3	mega: 23	
6	3	44	35	47	mega: 2	
28	1	40	18	34	mega: 14	
1	31	10	47	9	mega: 14	
21	19	28	28	31	mega: 25	
28	21	11	27	29	mega: 18	
17	17	18	44	18	mega: 26	
37	37	31	44	34	mega: 2	
9	3	10	18	34	mega: 1	
27	40	25	25	15	mega: 23	
37	34	17	27	1	mega: 7	
21	14	44	40	1	mega: 1	
3	21	34	46	30	mega: 21	
28	40	28	3	44	mega: 1	
34	25	47	43	14	mega: 7	
17	29	47	25	10	mega: 18	
47	40	34	1	18	mega: 23	
46	14	14	9	11	mega: 2	
47	31	35	20	44	mega: 19	
10	43	1	29	25	mega: 2	
25	19	15	22	31	mega: 18	
25	43	15	18	40	mega: 7	
1	29	30	37	17	mega: 27	
44	3	18	43	17	mega: 3	
26	34	17	14	46	mega: 25	
21	28	3	34	21	mega: 21	
22	43	20	17	26	mega: 23	
27	15	27	6	47	mega: 27	
30	20	29	1	44	mega: 2	
31	15	21	46	35	mega: 1	
19	9	20	46	21	mega: 25	
46	29	1	11	3	mega: 7	
29	31	29	28	19	mega: 27	
10	6	11	28	19	mega: 19	
37	25	27	47	26	mega: 26	
31	3	14	31	25	mega: 7	
21	27	25	35	37	mega: 1	
22	40	30	29	31	mega: 2	
17	40	26	43	35	mega: 18	
25	22	34	15	27	mega: 14	
21	18	34	28	26	mega: 17	
28	40	6	28	47	mega: 21	
19	3	34	25	26	mega: 2	
37	3	30	21	34	mega: 26	
6	18	31	26	17	mega: 24	
9	40	21	47	19	mega: 25	
26	19	19	9	28	mega: 1	
18	35	37	37	10	mega: 21	
43	46	14	35	29	mega: 2	
31	3	35	43	37	mega: 19	
14	27	6	29	19	mega: 19	
43	30	1	29	1	mega: 23	
10	20	26	35	43	mega: 14	
37	6	35	25	20	mega: 27	
30	29	15	6	25	mega: 27	
9	28	34	11	29	mega: 26	
15	14	37	44	30	mega: 25	
10	6	3	27	1	mega: 27	
30	30	15	14	40	mega: 1	
1	29	30	44	18	mega: 18	
27	46	18	47	26	mega: 19	
11	22	20	15	35	mega: 25	
46	40	10	9	37	mega: 7	
31	18	47	11	6	mega: 7	
26	28	30	30	46	mega: 25	
27	6	22	30	46	mega: 18	
19	9	21	43	15	mega: 18	
26	15	25	29	46	mega: 25	
19	29	31	25	9	mega: 19	
28	40	9	20	11	mega: 24	
29	15	9	3	34	mega: 24	
20	19	1	46	22	mega: 26	
31	35	19	19	20	mega: 21	
11	40	21	6	25	mega: 2	
19	21	1	46	17	mega: 26	
6	28	18	21	44	mega: 26	
3	31	1	26	37	mega: 25	
47	3	46	15	3	mega: 18	
27	14	18	17	22	mega: 21	
34	35	43	44	25	mega: 7	
34	28	30	1	11	mega: 1	
37	21	15	6	10	mega: 21	
9	1	20	3	6	mega: 17	
34	37	29	34	31	mega: 18	
1	11	44	27	19	mega: 2	
10	15	18	19	46	mega: 18	
27	29	6	31	40	mega: 26	
35	3	29	10	34	mega: 23	
10	31	20	21	14	mega: 3	
9	27	18	47	46	mega: 7	
6	14	28	27	31	mega: 26	
28	47	14	19	20	mega: 24	
10	3	31	1	30	mega: 3	
6	6	37	47	15	mega: 7	
11	3	18	11	25	mega: 7	
9	40	26	6	26	mega: 17	
9	9	22	29	9	mega: 2	
21	44	15	31	34	mega: 17	
26	30	47	44	44	mega: 27	
3	3	15	15	43	mega: 3	
35	17	19	1	27	mega: 25	
35	10	35	20	18	mega: 1	
29	11	46	43	40	mega: 3	
27	29	40	30	47	mega: 7	
35	15	26	37	3	mega: 23	
26	40	22	17	46	mega: 25	
26	46	14	47	3	mega: 26	
1	28	14	47	37	mega: 17	
14	1	37	46	44	mega: 19	
10	15	17	10	43	mega: 24	
46	43	29	6	29	mega: 24	
28	40	40	30	1	mega: 25	
29	11	17	40	37	mega: 19	
20	17	21	37	25	mega: 3	
40	22	14	14	10	mega: 17	
19	22	31	28	15	mega: 27	
47	46	22	26	31	mega: 21	
30	27	9	46	30	mega: 21	
6	18	18	19	27	mega: 17	
17	20	29	14	15	mega: 2	
37	44	18	37	25	mega: 3	
31	21	20	40	17	mega: 7	
46	10	1	14	20	mega: 21	
14	34	22	17	17	mega: 18	
27	10	34	27	47	mega: 27	
40	18	46	14	18	mega: 17	
6	11	35	21	27	mega: 24	
14	18	46	9	11	mega: 17	
43	47	6	14	40	mega: 14	
37	19	29	25	22	mega: 18	
21	30	15	22	28	mega: 26	
1	25	1	46	6	mega: 7	
1	11	43	30	17	mega: 25	
25	26	29	15	26	mega: 1	
30	19	17	10	43	mega: 26	
15	15	11	30	11	mega: 3	
27	43	37	3	37	mega: 3	
31	22	9	29	14	mega: 27	
3	27	19	9	17	mega: 21	
26	19	31	20	26	mega: 14	
21	15	19	34	47	mega: 27	
29	1	46	14	14	mega: 24	
10	19	40	44	47	mega: 21	
35	11	28	1	29	mega: 14	
31	6	29	10	18	mega: 17	
19	47	6	46	35	mega: 19	
6	18	1	44	6	mega: 7	
47	17	21	22	35	mega: 3	
34	44	6	27	27	mega: 1	
31	10	27	17	47	mega: 21	
46	1	3	10	21	mega: 25	
43	11	44	9	3	mega: 3	
34	19	30	21	31	mega: 19	
1	30	14	25	9	mega: 17	
46	10	35	22	31	mega: 1	
22	15	25	19	18	mega: 24	
29	47	44	18	6	mega: 3	
22	25	22	19	21	mega: 19	
25	37	22	10	14	mega: 7	
17	11	27	26	21	mega: 17	
6	22	37	43	6	mega: 14	
11	34	43	20	26	mega: 27	
28	40	30	20	20	mega: 3	
44	20	22	30	26	mega: 7	
19	30	27	17	29	mega: 3	
26	21	34	14	26	mega: 14	
1	30	35	47	17	mega: 7	
46	6	46	19	31	mega: 3	
19	43	40	3	9	mega: 7	
18	35	37	20	35	mega: 1	
15	31	20	3	9	mega: 2	
29	18	43	9	46	mega: 2	
21	17	37	40	3	mega: 23	
22	40	28	35	6	mega: 14	
26	19	19	30	20	mega: 24	
11	11	18	28	40	mega: 2	
10	34	37	25	11	mega: 24	
31	9	34	46	19	mega: 14	
9	46	1	35	1	mega: 2	
6	30	35	31	11	mega: 23	
35	35	27	18	9	mega: 7	
22	25	9	35	27	mega: 17	
37	37	15	15	44	mega: 27	
