1: 2	25	39	54	8	mega: 26	
2: 11	27	32	41	46	mega: 15	
3: 30	35	43	56	6	mega: 46	
4: 27	32	36	49	52	mega: 17	
5: 10	18	37	4	50	mega: 19	
6: 40	49	52	52	54	mega: 8	
7: 14	16	38	42	47	mega: 21	
8: 1	11	13	28	41	mega: 4	
9: 1	18	28	39	50	mega: 5	
10: 18	35	46	46	51	mega: 26	
11: 11	2	34	35	46	mega: 35	
12: 22	27	30	32	53	mega: 19	
13: 12	16	36	38	50	mega: 30	
14: 13	21	29	36	4	mega: 19	
15: 21	24	31	5	56	mega: 27	
16: 16	31	32	42	46	mega: 33	
17: 18	27	34	4	44	mega: 1	
18: 17	17	18	24	45	mega: 19	
19: 16	27	40	5	55	mega: 2	
20: 27	38	45	48	8	mega: 41	
21: 1	18	50	52	53	mega: 22	
22: 34	39	4	41	7	mega: 6	
23: 29	3	45	49	8	mega: 20	
24: 11	2	36	51	54	mega: 24	
25: 20	29	32	34	38	mega: 33	
26: 18	20	32	51	7	mega: 10	
27: 20	43	46	5	56	mega: 28	
28: 1	31	4	45	49	mega: 18	
29: 10	15	38	39	7	mega: 36	
30: 1	21	4	55	56	mega: 32	
31: 14	31	32	55	6	mega: 8	
32: 1	24	27	39	43	mega: 36	
33: 16	16	32	35	55	mega: 32	
34: 28	46	52	6	6	mega: 20	
35: 17	21	33	4	52	mega: 20	
36: 13	17	22	29	50	mega: 8	
37: 1	18	2	30	7	mega: 40	
38: 13	18	30	33	44	mega: 12	
39: 10	14	23	28	37	mega: 8	
40: 24	30	37	43	8	mega: 29	
41: 15	32	33	49	56	mega: 17	
42: 23	28	34	36	36	mega: 27	
43: 14	18	27	27	41	mega: 17	
44: 20	31	31	38	52	mega: 25	
45: 16	28	33	55	55	mega: 6	
46: 1	15	33	34	51	mega: 44	
47: 29	35	37	53	55	mega: 40	
48: 2	36	43	53	56	mega: 43	
49: 20	32	32	54	56	mega: 37	
50: 24	29	32	46	47	mega: 9	
51: 2	3	34	41	50	mega: 3	
52: 11	12	19	7	8	mega: 8	
53: 12	17	36	40	47	mega: 7	
54: 18	20	36	48	51	mega: 10	
55: 16	24	30	32	32	mega: 27	
56: 23	27	31	32	34	mega: 26	
57: 11	25	31	36	8	mega: 1	
58: 23	36	46	55	55	mega: 4	
59: 1	1	12	46	50	mega: 42	
60: 11	11	34	7	9	mega: 41	
61: 13	16	21	27	50	mega: 12	
62: 3	40	53	6	9	mega: 12	
63: 10	25	38	50	54	mega: 18	
64: 1	10	21	47	51	mega: 2	
65: 16	45	5	50	6	mega: 33	
66: 11	28	33	45	8	mega: 10	
67: 27	30	50	55	6	mega: 6	
68: 1	14	16	39	51	mega: 25	
69: 2	38	41	43	49	mega: 34	
70: 23	34	4	46	5	mega: 7	
71: 15	31	41	6	8	mega: 28	
72: 12	16	19	27	50	mega: 28	
73: 1	25	30	33	53	mega: 11	
74: 18	30	36	49	49	mega: 34	
75: 21	32	38	40	47	mega: 38	
76: 20	24	33	52	56	mega: 5	
77: 22	47	5	5	51	mega: 17	
78: 23	23	23	37	43	mega: 28	
79: 17	3	40	44	6	mega: 45	
80: 26	29	4	47	55	mega: 12	
81: 15	25	28	39	40	mega: 23	
82: 18	31	42	5	53	mega: 9	
83: 14	16	27	54	55	mega: 20	
84: 25	26	5	51	9	mega: 12	
85: 1	12	37	40	45	mega: 29	
86: 11	29	31	49	53	mega: 17	
87: 13	15	28	30	49	mega: 25	
88: 1	32	37	39	42	mega: 23	
89: 23	34	41	49	7	mega: 41	
90: 33	46	5	54	55	mega: 42	
91: 20	31	36	4	5	mega: 28	
92: 24	27	28	32	56	mega: 7	
93: 16	24	34	38	38	mega: 19	
94: 12	17	2	37	55	mega: 39	
95: 29	43	45	48	56	mega: 38	
96: 23	35	46	48	6	mega: 23	
97: 22	34	52	53	54	mega: 8	
98: 1	10	2	52	8	mega: 9	
99: 1	42	45	46	54	mega: 12	
100: 18	32	4	47	8	mega: 16	
101: 15	2	21	34	46	mega: 23	
102: 28	35	42	6	8	mega: 35	
103: 10	12	24	51	6	mega: 34	
104: 10	12	18	25	33	mega: 15	
105: 13	19	39	4	51	mega: 7	
106: 10	21	27	35	45	mega: 17	
107: 27	44	49	50	9	mega: 28	
108: 16	22	28	35	40	mega: 14	
109: 17	27	32	51	7	mega: 7	
110: 12	29	41	46	5	mega: 33	
111: 10	31	38	40	6	mega: 12	
112: 11	23	41	53	53	mega: 2	
113: 1	41	50	51	51	mega: 24	
114: 11	36	39	5	53	mega: 8	
115: 13	20	26	44	49	mega: 42	
116: 16	24	31	4	47	mega: 31	
117: 13	18	21	40	45	mega: 24	
118: 13	34	35	36	39	mega: 19	
119: 19	3	31	4	46	mega: 23	
120: 14	20	20	23	38	mega: 28	
121: 24	38	40	45	5	mega: 24	
122: 33	40	47	49	51	mega: 22	
123: 19	23	37	43	50	mega: 28	
